day1

[
    [0, 9872],
    [0.1, 9740],
    [0.25, 9728],
    [0.5, 9719],
    [1, 9709],
    [2.25, 9694],
    [4, 9682],
    [6.25, 9672],
    [9, 9664],
    [12.25, 9657],
    [16, 9653],
    [20.25, 9647],
    [25, 9644],
    [30.25, 9641],
    [36, 9639],
    [42.25, 9637],
    [49, 9635],
    [56.25, 9623],
    [64, 9622],
    [72.25, 9622],
    [81, 9621],
    [90.25, 9620],
    [100, 9620],
    [110.25, 9619],
    [121, 9618],
    [132.25, 9618],
    [144, 9617],
    [1440, 9601]
]

h=1

day2

[
    [0, 9601],
    [0.1, 9552],
    [0.25, 9549],
    [0.5, 9545],
    [1, 9540],
    [2.25, 9531],
    [4, 9524],
    [6.25, 9517],
    [9, 9512],
    [12.25, 9506],
    [16, 9503],
    [20.25, 9501],
    [25, 9499],
    [30.25, 9497],
    [36, 9495],
    [42.25, 9494],
    [49, 9492],
    [56.25, 9491],
    [64, 9490],
    [72.25, 9489],
    [81, 9489],
    [90.25, 9488],
    [100, 9487],
    [110.25, 9486],
    [121, 9486],
    [132.25, 9485],
    [144, 9484],
    [1440, 9463]
]

h=0.8645

day 3

[
    [0, 9463],
    [0.1, 9401],
    [0.25, 9392],
    [0.5, 9385],
    [1, 9376],
    [2.25, 9363],
    [4, 9350],
    [6.25, 9342],
    [9, 9336],
    [12.25, 9331],
    [16, 9327],
    [20.25, 9324],
    [25, 9310],
    [30.25, 9308],
    [36, 9305],
    [42.25, 9304],
    [49, 9303],
    [56.25, 9301],
    [64, 9300],
    [72.25, 9299],
    [81, 9298],
    [90.25, 9297],
    [100, 9296],
    [110.25, 9295],
    [121, 9294],
    [132.25, 9294],
    [144, 9293],
    [1440, 9270]
]

h=0.7955

day 4

[
    [0, 9270],
    [0.1, 9182],
    [0.25, 9172],
    [0.5, 9161],
    [1, 9149],
    [2.25, 9134],
    [4, 9123],
    [6.25, 9116],
    [9, 9110],
    [12.25, 9106],
    [16, 9102],
    [20.25, 9100],
    [25, 9097],
    [30.25, 9095],
    [36, 9093],
    [42.25, 9092],
    [49, 9090],
    [56.25, 9089],
    [64, 9088],
    [72.25, 9087],
    [81, 9086],
    [90.25, 9085],
    [100, 9084],
    [110.25, 9083],
    [121, 9082],
    [132.25, 9081],
    [144, 9080],
    [1440, 9027]
]

h=0.699

day 5

[
    [0, 9027],
    [0.1, 8992],
    [0.25, 8979],
    [0.5, 8966],
    [1, 8949],
    [2.25, 8926],
    [4, 8908],
    [6.25, 8895],
    [9, 8886],
    [12.25, 8879],
    [16, 8868],
    [20.25, 8866],
    [25, 8862],
    [30.25, 8860],
    [36, 8857],
    [42.25, 8856],
    [49, 8853],
    [56.25, 8851],
    [64, 8850],
    [72.25, 8848],
    [81, 8846],
    [90.25, 8845],
    [100, 8844],
    [110.25, 8843],
    [121, 8842],
    [132.25, 8841],
    [144, 8840],
    [1440, 8710]
]

h=0.5775

day 6

[
    [0, 8710],
    [0.1, 8515],
    [0.25, 8499],
    [0.5, 8483],
    [1, 8461],
    [2.25, 8434],
    [4, 8413],
    [6.25, 8403],
    [9, 8396],
    [12.25, 8388],
    [16, 8384],
    [20.25, 8382],
    [25, 8378],
    [30.25, 8376],
    [36, 8374],
    [42.25, 8372],
    [49, 8370],
    [56.25, 8368],
    [64, 8367],
    [72.25, 8365],
    [81, 8364],
    [90.25, 8362],
    [100, 8361],
    [110.25, 8360],
    [121, 8359],
    [132.25, 8358],
    [144, 8357],
    [1440, 8330]
]

h=0.419

day 7

[
    [0, 8246],
    [0.1, 7998],
    [0.25, 7971],
    [0.5, 7937],
    [1, 7896],
    [2.25, 7849],
    [4, 7822],
    [6.25, 7808],
    [9, 7799],
    [12.25, 7792],
    [16, 7787],
    [20.25, 7783],
    [25, 7779],
    [30.25, 7776],
    [36, 7774],
    [42.25, 7772],
    [49, 7770],
    [56.25, 7768],
    [64, 7765],
    [72.25, 7764],
    [81, 7762],
    [90.25, 7760],
    [100, 7759],
    [110.25, 7757],
    [121, 7756],
    [132.25, 7755],
    [144, 7754],
    [1440, 7714]
]

h=0.192